3.772626320521036553e-02 3.411928812662760185e-02 3.109051783879597866e-02 3.395752112070719170e-02 3.344668944676717354e-02 3.444851438204447197e-02 3.462656339009603096e-02 4.244904716809590889e-02 4.278008143107096123e-02 4.743682344754537178e-02 3.928574919700622559e-02 4.917205373446146416e-02 4.347301522890726494e-02 4.154064257939656807e-02
3.960097829500833916e-02 3.968256711959838867e-02 3.129650155703226494e-02 4.093739390373229980e-02 3.674376010894775391e-02 3.628293673197428154e-02 3.411905964215596748e-02 3.954534729321797920e-02 5.081831415494283272e-02 4.759952425956726074e-02 5.584075053532918526e-02 4.436335961023966240e-02 4.735109210014343262e-02 5.400765935579935478e-02
3.456289569536844658e-02 2.863733967145283901e-02 3.694286942481994629e-02 4.022457202275594307e-02 4.437189300855001045e-02 4.555514454841613770e-02 4.285877943038940430e-02 4.041240612665811943e-02 4.834394653638204170e-02 4.675978422164916992e-02 4.867857694625854492e-02 4.500733812650044990e-02 4.858344793319702148e-02 5.008637905120849609e-02
4.119606812795003487e-02 4.388454556465148926e-02 3.586979707082112862e-02 3.787908951441446709e-02 4.652469356854756904e-02 5.075828234354654717e-02 4.366639256477355957e-02 5.096131563186645508e-02 4.783911506334940361e-02 4.225615660349527763e-02 4.509888092676798271e-02 3.945505619049072266e-02 5.075260003407796455e-02 4.787615935007730888e-02
4.614945252736409737e-02 4.475365082422892021e-02 4.207289218902587891e-02 4.481957356135050224e-02 4.519662261009216309e-02 4.791937271753946709e-02 5.057087540626525879e-02 5.233110984166463447e-02 5.130249261856079102e-02 4.960348208745320869e-02 4.261374473571777344e-02 5.164007345835367607e-02 5.094772577285766602e-02 4.890006780624389648e-02
5.023970206578572822e-02 4.529213905334472656e-02 4.191182057062784599e-02 4.721446832021077705e-02 4.452143112818399834e-02 4.234178860982259346e-02 4.705603917439778877e-02 5.114881197611490654e-02 5.057118336359659599e-02 5.179568131764730049e-02 4.918797810872396065e-02 5.470774571100870537e-02 4.895591735839843750e-02 5.502565701802571846e-02
5.472858746846517158e-02 4.828006029129028320e-02 5.135413010915120674e-02 4.479215542475382256e-02 4.435626665751139092e-02 4.740573962529500557e-02 4.601063330968221260e-02 5.441125233968099190e-02 4.646941026051839424e-02 5.287855863571166992e-02 5.401780207951863838e-02 5.287726720174153877e-02 5.167190233866373467e-02 4.341644048690795898e-02
5.130368471145629883e-02 5.242766936620076729e-02 4.989969730377197266e-02 4.917091131210327148e-02 5.197636286417642998e-02 4.890173673629760742e-02 5.326741933822631836e-02 5.317954222361246513e-02 5.410514275232950615e-02 5.942567189534505440e-02 5.443108081817626953e-02 4.932647943496704102e-02 5.448085069656372070e-02 5.782953898111978935e-02
5.275344848632812500e-02 5.775723854700724053e-02 5.326638619105020928e-02 5.204890171686808037e-02 4.777590433756510185e-02 4.711927970250447822e-02 1.298027435938517160e-01 5.241266886393228935e-02 5.008876323699951172e-02 5.386594931284586357e-02 6.171278158823648857e-02 5.499573548634847237e-02 5.794101953506469727e-02 5.864457289377848076e-02
6.094994147618611885e-02 5.083014567693074776e-02 5.617805322011312080e-02 4.977353413899739815e-02 5.094983180363973213e-02 4.659096399943033623e-02 1.279308398564656668e-01 1.350090503692626953e-01 6.049118439356485771e-02 6.232861677805582451e-02 6.218208869298299385e-02 6.459045410156250000e-02 6.412577629089355469e-02 6.541899840037028457e-02
5.616941054662068916e-02 5.763677755991617607e-02 6.699472665786743164e-02 4.951248566309610771e-02 4.414268334706624580e-02 5.364886919657389092e-02 1.327076355616251535e-01 1.326325337092081613e-01 1.323533455530802316e-01 5.906532208124796318e-02 6.974585851033528183e-02 6.917748848597209121e-02 7.458893458048503067e-02 8.345381418863932754e-02
5.932132403055826592e-02 6.293435891469319199e-02 6.384082635243733261e-02 1.342687606811523438e-01 1.306638717651367188e-01 6.055720647176107002e-02 6.393802165985107422e-02 6.465794642766316269e-02 1.304415464401245117e-01 1.355960766474405832e-01 6.738160053888957168e-02 7.743253310521443222e-02 8.224823077519734238e-02 8.508284886678059433e-02
6.324181954065959121e-02 6.499803066253662109e-02 1.328912973403930664e-01 1.246815919876098633e-01 1.407348712285359793e-01 6.203546126683553291e-02 6.070154905319213867e-02 6.546660264333088730e-02 1.346050500869750977e-01 1.295792659123738699e-01 1.316432555516560965e-01 7.573286692301432754e-02 8.578830957412719727e-02 8.907755215962727402e-02
6.600733598073323105e-02 5.432758728663126396e-02 1.366940736770629883e-01 1.310715079307556152e-01 7.296450932820637558e-02 6.318964560826619004e-02 6.897763411204020645e-02 1.320435603459676199e-01 1.310132344563802176e-01 1.298336982727050781e-01 1.353472868601481027e-01 1.384117205937703543e-01 8.399689197540283203e-02 8.961021900177001953e-02
6.101075808207193779e-02 7.073360681533813477e-02 7.683024803797404434e-02 7.019434372584025528e-02 7.138462861378987168e-02 6.651345888773600723e-02 6.862040360768635605e-02 7.227945327758789062e-02 1.329747637112935477e-01 1.345590750376383371e-01 1.347781022389729910e-01 1.371201872825622559e-01 8.352011442184448242e-02 8.882602055867512558e-02
6.311297416687011719e-02 6.636965274810791016e-02 7.318061590194702148e-02 7.349586486816406250e-02 7.229862610499064590e-02 7.307205597559611465e-02 6.662746270497639511e-02 7.158146301905314590e-02 7.219431797663371231e-02 7.195637623469035293e-02 7.645193735758464004e-02 7.949193318684895371e-02 8.252346515655517578e-02 1.313026746114095145e-01
