6.258784731229145859e-02 5.231786767641703056e-02 4.893972476323445869e-02 4.984780152638753487e-02 5.915505687395731377e-02 4.709811011950174736e-02 5.850133299827575684e-02 5.123328169186910225e-02 5.558328827222188545e-02 6.595469514528910782e-02 6.506226460138957168e-02 6.301970283190409805e-02 6.888552506764729355e-02 7.205330332120259140e-02
6.474969784418742325e-02 4.294613997141519951e-02 4.893713196118672920e-02 3.999004761377970146e-02 5.765532453854878975e-02 4.986340800921122002e-02 5.486756563186645508e-02 6.555945674578349258e-02 7.094087203343708847e-02 6.412047147750854492e-02 7.183985908826191757e-02 6.240408619244893623e-02 7.570386926333110000e-02 7.252633571624755859e-02
5.218462149302164482e-02 5.751897891362508369e-02 5.064841111501058174e-02 5.341124534606933594e-02 6.024656693140665459e-02 6.715884804725646973e-02 5.805236101150512695e-02 6.644849975903828476e-02 6.977857152620951797e-02 8.240363001823425293e-02 7.812047004699707031e-02 7.609435915946960449e-02 6.959485014279682968e-02 7.329325874646504257e-02
6.534842650095622207e-02 5.446167786916097237e-02 6.154445807139078545e-02 6.375703215599060059e-02 6.377422809600830078e-02 6.056468685468038154e-02 7.390557726224263047e-02 7.195284962654113770e-02 6.510829925537109375e-02 6.476483742396037246e-02 7.042729854583740234e-02 8.058951298395793106e-02 7.012206315994262695e-02 7.105229298273722793e-02
7.325036327044169571e-02 7.140933473904927109e-02 7.057514786720275879e-02 6.531569361686706543e-02 6.686549385388691757e-02 7.582568128903706406e-02 6.983318924903869629e-02 7.601769765218098496e-02 6.765525539716084336e-02 6.498967607816059922e-02 7.324193914731343125e-02 7.068384687105815078e-02 7.092487812042236328e-02 6.318803628285725449e-02
7.122663656870524551e-02 7.916778326034545898e-02 7.179425160090129043e-02 5.587816238403320312e-02 5.697081486384073662e-02 6.259967883427937363e-02 6.908769408861796524e-02 7.626317938168843125e-02 6.953928867975871231e-02 6.808543205261230469e-02 6.475861867268879746e-02 7.787368694941203262e-02 6.898498535156250000e-02 6.653678417205810547e-02
7.065403461456298828e-02 7.164388895034790039e-02 6.566113233566284180e-02 7.642755905787150528e-02 6.592704852422077988e-02 7.662878433863322403e-02 7.043095429738362168e-02 6.636965274810791016e-02 7.315095265706379746e-02 7.882804671923319961e-02 7.590474685033161972e-02 6.704280773798625137e-02 7.083489497502644394e-02 7.535737752914428711e-02
7.255323727925618027e-02 7.702338695526123047e-02 7.901797691980998184e-02 7.787758111953735352e-02 6.911573807398478653e-02 7.562071084976196289e-02 7.243837912877400254e-02 6.658496459325154160e-02 7.215176026026408340e-02 7.907444238662719727e-02 7.682245969772338867e-02 8.557679255803425644e-02 8.843789498011271621e-02 8.019749323527018692e-02
8.161723613739013672e-02 8.124595880508422852e-02 6.935673952102661133e-02 6.361180543899536133e-02 8.150362968444824219e-02 7.368208964665730332e-02 7.371374095479647608e-03 7.286284367243449356e-02 7.555892070134480332e-02 8.402566115061442520e-02 7.515855630238850449e-02 8.207492033640544082e-02 7.711692651112873886e-02 7.798699537913005020e-02
7.725900411605834961e-02 7.877339919408161972e-02 7.012639443079630996e-02 7.691204547882080078e-02 8.101264635721842911e-02 7.504886388778686523e-02 7.511267128090063369e-04 5.167725806434948950e-03 8.192922671635945175e-02 9.143360455830891464e-02 8.238949378331501816e-02 9.398001432418823242e-02 8.753444751103718613e-02 8.594473203023274277e-02
7.687071959177653457e-02 7.379994789759318496e-02 8.894785245259602402e-02 6.945709387461344864e-02 6.944006681442260742e-02 8.200657367706298828e-02 4.723068947593371363e-03 1.250765208775798552e-03 1.532074995338916779e-03 8.967701594034831192e-02 8.370818694432576035e-02 8.125837643941243027e-02 8.842615286509196426e-02 9.842165311177571152e-02
7.511883974075317383e-02 8.516728878021240234e-02 8.430927991867065430e-02 8.544864443441232407e-04 1.152929663658142090e-02 6.957749525705973770e-02 8.471405506134033203e-02 8.236072460810343887e-02 6.374240426036219254e-05 1.729244831949472427e-03 8.337537447611491348e-02 8.496262629826863144e-02 9.454232454299926758e-02 9.997143348058064316e-02
8.725972970326741074e-02 8.887714147567749023e-02 2.637645540138085828e-03 6.230093538761138916e-03 3.744309147198995099e-03 9.351489941279093887e-02 8.575010299682617188e-02 7.978300253550212051e-02 1.656100464363892801e-03 9.059124936660131397e-03 2.501669805496931076e-03 9.851050376892089844e-02 9.710482756296794082e-02 1.001055041948954311e-01
9.602681795756022598e-02 9.645076592763264511e-02 3.366281744092702866e-04 2.289414716263612256e-03 9.112703800201416016e-02 8.313784996668498184e-02 8.876359462738037109e-02 2.225734138240416989e-03 9.342615958303213120e-04 1.478292979300022125e-03 2.669546442727247729e-03 4.075305846830208807e-03 1.037892897923787389e-01 1.030969421068827357e-01
8.484274148941040039e-02 1.035683949788411412e-01 9.741256634394328262e-02 9.296300013860066269e-02 1.015307307243347168e-01 9.532852967580159043e-02 8.722782135009765625e-02 9.401162465413410996e-02 4.534215976794560461e-03 2.649517419437567248e-03 2.711909823119640350e-03 6.751937326043844223e-04 1.078358093897501674e-01 1.036046147346496582e-01
9.178163607915242050e-02 1.059497396151224818e-01 9.541811545689900254e-02 9.241765737533569336e-02 9.568067391713459824e-02 8.208092053731282089e-02 9.096781412760417129e-02 8.273355166117350723e-02 9.416600068410237168e-02 9.479796886444091797e-02 1.052380005518595424e-01 9.500066439310710098e-02 9.685603777567546036e-02 1.134116202592849731e-02
